    0.0125              0
    0.0375              0
    0.0625              0
    0.0875              0
    0.1125              0
    0.1375              0
    0.1625              0
    0.1875              0
    0.2125              0
    0.2375              0
    0.2625              0
    0.2875              0
    0.3125              0
    0.3375              0
    0.3625              0
    0.3875              0
    0.4125              0
    0.4375              0
    0.4625              0
    0.4875              0
    0.5125              0
    0.5375              0
    0.5625              0
    0.5875              0
    0.6125              0
    0.6375              0
    0.6625              0
    0.6875              0
    0.7125              0
    0.7375              0
    0.7625              0
    0.7875              0
    0.8125              0
    0.8375              0
    0.8625              0
    0.8875     0.00032191
    0.9125     0.00415638
    0.9375      0.0309221
    0.9625       0.137076
    0.9875       0.388875
    1.0125       0.773489
    1.0375        1.16165
    1.0625        1.43714
    1.0875        1.57751
    1.1125        1.59791
    1.1375        1.52998
    1.1625        1.40422
    1.1875        1.25598
    1.2125        1.11593
    1.2375       0.991974
    1.2625       0.890704
    1.2875       0.789304
    1.3125       0.721543
    1.3375       0.656998
    1.3625       0.606546
    1.3875       0.559804
    1.4125       0.526973
    1.4375       0.496856
    1.4625       0.465754
    1.4875       0.448562
    1.5125       0.432879
    1.5375        0.42819
    1.5625         0.4198
    1.5875       0.415877
    1.6125       0.413901
    1.6375       0.414652
    1.6625       0.417709
    1.6875       0.429819
    1.7125       0.437783
    1.7375       0.450699
    1.7625       0.465127
    1.7875       0.481669
    1.8125       0.503899
    1.8375       0.521054
    1.8625       0.534962
    1.8875        0.55041
    1.9125        0.56645
    1.9375       0.589019
    1.9625       0.602775
    1.9875       0.621096
    2.0125        0.63576
    2.0375       0.644543
    2.0625        0.64969
    2.0875       0.655834
    2.1125       0.657027
    2.1375       0.650199
    2.1625       0.647344
    2.1875       0.644134
    2.2125        0.63034
    2.2375       0.613829
    2.2625       0.601259
    2.2875       0.584431
    2.3125       0.570739
    2.3375       0.555387
    2.3625       0.538545
    2.3875       0.521456
    2.4125       0.509865
    2.4375       0.499145
    2.4625       0.491524
    2.4875       0.479295
