    0.0125              0
    0.0375              0
    0.0625              0
    0.0875              0
    0.1125              0
    0.1375              0
    0.1625              0
    0.1875              0
    0.2125              0
    0.2375              0
    0.2625              0
    0.2875              0
    0.3125              0
    0.3375              0
    0.3625              0
    0.3875              0
    0.4125              0
    0.4375              0
    0.4625              0
    0.4875              0
    0.5125              0
    0.5375              0
    0.5625              0
    0.5875              0
    0.6125              0
    0.6375              0
    0.6625              0
    0.6875              0
    0.7125              0
    0.7375              0
    0.7625              0
    0.7875              0
    0.8125              0
    0.8375              0
    0.8625              0
    0.8875    7.96355e-05
    0.9125     0.00693579
    0.9375      0.0549631
    0.9625        0.21829
    0.9875       0.493719
    1.0125        0.74075
    1.0375       0.811561
    1.0625       0.849328
    1.0875       0.854715
    1.1125       0.842429
    1.1375       0.820198
    1.1625       0.815195
    1.1875       0.805951
    1.2125       0.796044
    1.2375       0.789125
    1.2625       0.756856
    1.2875       0.754706
    1.3125       0.753206
    1.3375       0.733708
    1.3625       0.724125
    1.3875       0.721762
    1.4125       0.712066
    1.4375       0.694872
    1.4625       0.695562
    1.4875       0.693441
    1.5125       0.675773
    1.5375       0.666312
    1.5625       0.685268
    1.5875       0.682465
    1.6125       0.672572
    1.6375       0.676299
    1.6625        0.67247
    1.6875       0.664042
    1.7125       0.664205
    1.7375        0.66274
    1.7625       0.643507
    1.7875       0.643554
    1.8125       0.647076
    1.8375        0.65302
    1.8625       0.638034
    1.8875       0.629627
    1.9125       0.629951
    1.9375       0.631527
    1.9625        0.63704
    1.9875       0.643838
    2.0125        0.62999
    2.0375        0.62451
    2.0625       0.645044
    2.0875        0.64964
    2.1125       0.657029
    2.1375       0.651369
    2.1625       0.643122
    2.1875       0.651565
    2.2125       0.668107
    2.2375       0.657458
    2.2625       0.652909
    2.2875       0.665265
    2.3125       0.653183
    2.3375       0.657768
    2.3625       0.669048
    2.3875       0.668677
    2.4125       0.657231
    2.4375       0.660512
    2.4625       0.666948
    2.4875       0.663068
