              1              0       -3506.89        1751.15       -5258.04       -6331.92        4.74114              1
             10          0.045       -3528.53         1793.2       -5321.73       -5878.79        4.50002              1
             20          0.095       -3553.28        1779.56       -5332.84       -5721.29        4.39964              1
             30          0.145       -3561.68        1700.68       -5262.36       -6348.43        4.72123              1
             40          0.195       -3542.01        1748.46       -5290.47       -6142.01        4.62817              1
             50          0.245       -3546.03        1744.02       -5290.04        -6096.9         4.5991              1
             60          0.295       -3551.63        1761.72       -5313.34       -6057.33        4.58628              1
             70          0.345       -3536.81        1724.06       -5260.87       -6536.99        4.84553              1
             80          0.395       -3564.05        1719.26       -5283.31       -6305.87        4.70715              1
             90          0.445       -3551.62        1750.85       -5302.47       -6134.81        4.62535              1
            100          0.495       -3547.45        1734.11       -5281.57       -6273.02         4.6966              1
            110          0.545       -3553.82        1773.75       -5327.58       -5846.66        4.46977              1
            120          0.595       -3555.15        1783.08       -5338.23       -5753.98        4.42088              1
            130          0.645       -3551.86        1735.67       -5287.54       -6300.92        4.71388              1
            140          0.695       -3554.24        1756.88       -5311.12       -6161.03        4.64427              1
            150          0.745       -3551.79        1764.67       -5316.46       -6111.35         4.6197              1
            160          0.795       -3548.97        1734.55       -5283.51       -6329.37         4.7299              1
            170          0.845       -3547.73         1724.4       -5272.12       -6339.04        4.72962              1
            180          0.895       -3554.22         1792.5       -5346.72       -5706.41         4.3985              1
            190          0.945       -3547.48        1770.92        -5318.4       -5948.96        4.52811              1
            200          0.995       -3560.86        1749.35       -5310.21       -6030.72        4.56341              1
            210          1.045       -3551.43        1757.68       -5309.11       -6013.69        4.55831              1
            220          1.095       -3553.85        1709.86       -5263.71       -6357.09        4.73168              1
            230          1.145        -3551.9        1750.88       -5302.78       -6090.51        4.59939              1
            240          1.195       -3546.74        1725.74       -5272.48       -6257.26        4.68244              1
            250          1.245        -3556.2        1765.99       -5322.19       -5911.28        4.50312              1
            260          1.295       -3531.95        1770.79       -5302.73       -6082.31        4.60625              1
            270          1.345       -3565.08        1750.96       -5316.04       -6059.38        4.58117              1
            280          1.395       -3538.45        1690.71       -5229.16       -6741.02        4.94565              1
            290          1.445        -3557.2        1753.91       -5311.11       -6048.68        4.57663              1
            300          1.495       -3547.33        1747.62       -5294.94       -6169.63        4.64387              1
            310          1.545       -3554.67        1729.19       -5283.85       -6182.31         4.6405              1
            320          1.595       -3548.69        1706.51        -5255.2       -6447.99        4.78304              1
            330          1.645       -3546.38        1727.57       -5273.95       -6432.04        4.78604              1
            340          1.695       -3548.87        1711.59       -5260.46       -6582.81         4.8651              1
            350          1.745       -3548.34        1780.89       -5329.24       -6042.52        4.58884              1
            360          1.795       -3547.98        1681.18       -5229.16       -6793.08        4.97059              1
            370          1.845       -3547.48        1762.26       -5309.74       -6084.39        4.60247              1
            380          1.895       -3548.95        1726.59       -5275.54       -6244.07        4.67521              1
            390          1.945       -3553.68        1689.03       -5242.71       -6448.68        4.77319              1
            400          1.995       -3550.41        1781.92       -5332.34       -5770.92        4.43013              1
            410          2.045          -3550        1739.55       -5289.55       -6107.32         4.6026              1
            420          2.095       -3561.13           1766       -5327.13       -5901.31        4.49728              1
            430          2.145       -3546.33        1749.24       -5295.57       -6228.83        4.67955              1
            440          2.195       -3554.88        1727.25       -5282.13          -6336        4.72952              1
            450          2.245       -3538.85        1769.49       -5308.34       -6044.37        4.58323              1
            460          2.295       -3563.41        1787.57       -5350.98       -5706.86        4.39588              1
            470          2.345       -3553.01        1748.55       -5301.56       -6146.21        4.63069              1
            480          2.395       -3544.96         1738.3       -5283.26       -6246.83        4.68369              1
            490          2.445       -3547.78        1730.95       -5278.73       -6281.05        4.69945              1
            500          2.495       -3544.26         1788.7       -5332.95       -5900.47         4.5101              1
            510          2.545       -3555.42        1792.77       -5348.19       -5732.09        4.41373              1
            520          2.595       -3553.42        1736.11       -5289.53       -6207.66        4.65944              1
            530          2.645        -3545.3        1729.67       -5274.97       -6335.07        4.73039              1
            540          2.695       -3548.59        1729.57       -5278.17       -6258.59        4.68547              1
            550          2.745       -3556.75        1744.03       -5300.78       -6046.83        4.56975              1
            560          2.795       -3559.24        1724.59       -5283.82       -6180.43         4.6367              1
            570          2.845       -3549.96        1668.17       -5218.13       -6681.37        4.89744              1
            580          2.895       -3547.79        1652.35       -5200.14       -6901.85        5.01748              1
            590          2.945       -3544.07        1724.87       -5268.94       -6424.72        4.78016              1
            600          2.995       -3552.59        1729.88       -5282.47       -6347.47        4.73778              1
            610          3.045       -3537.69        1750.47       -5288.16       -6278.92        4.70965              1
            620          3.095       -3552.22        1734.92       -5287.13       -6162.82        4.63243              1
            630          3.145       -3549.51        1796.95       -5346.46       -5669.58         4.3795              1
            640          3.195       -3546.17        1722.17       -5268.34       -6282.44        4.69512              1
            650          3.245       -3550.61        1738.16       -5288.77       -6116.96        4.60744              1
            660          3.295       -3552.14         1737.8       -5289.93       -6081.96         4.5867              1
            670          3.345       -3546.68        1707.47       -5254.15        -6420.1        4.76724              1
            680          3.395       -3546.54           1706       -5252.54       -6457.34        4.78823              1
            690          3.445       -3543.66        1788.93       -5332.59       -5803.64        4.45343              1
            700          3.495       -3555.51         1712.6       -5268.11       -6339.27        4.72284              1
            710          3.545       -3554.11        1748.09        -5302.2        -6049.9        4.57393              1
            720          3.595       -3554.24        1732.09       -5286.33       -6095.97        4.59156              1
            730          3.645       -3553.53        1740.82       -5294.35       -6046.68        4.56777              1
            740          3.695       -3553.23        1700.27        -5253.5       -6411.47        4.75796              1
            750          3.745       -3551.63        1744.17       -5295.81        -6152.7        4.63192              1
            760          3.795          -3546        1762.07       -5308.07       -6032.95        4.57219              1
            770          3.845       -3550.21        1780.05       -5330.26       -5884.75         4.4958              1
            780          3.895       -3553.25        1695.68       -5248.93       -6488.28        4.80031              1
            790          3.945        -3551.5        1809.02       -5360.52       -5591.01         4.3405              1
            800          3.995       -3546.47        1726.92       -5273.39       -6213.68        4.65758              1
            810          4.045       -3545.15        1768.31       -5313.46       -5949.24        4.52674              1
            820          4.095       -3553.05         1680.9       -5233.96       -6586.29        4.84914              1
            830          4.145       -3542.71        1739.14       -5281.84       -6241.87        4.68127              1
            840          4.195       -3548.97        1758.94       -5307.91       -6005.68        4.55435              1
            850          4.245       -3552.03        1784.37        -5336.4       -5760.75         4.4256              1
            860          4.295       -3550.15        1754.71       -5304.86       -6083.76        4.59767              1
            870          4.345        -3546.8        1737.63       -5284.43       -6260.14        4.69111              1
            880          4.395       -3545.69        1772.22        -5317.9       -5995.87        4.55638              1
            890          4.445        -3561.4        1775.76       -5337.16       -5889.24        4.49592              1
            900          4.495       -3543.01        1743.67       -5286.68       -6328.87        4.73496              1
            910          4.545       -3555.01        1791.52       -5346.53       -5872.08         4.4951              1
            920          4.595       -3557.55        1767.95        -5325.5       -5987.49        4.54897              1
            930          4.645       -3551.99        1689.05       -5241.04       -6603.39        4.86395              1
            940          4.695        -3537.9        1746.94       -5284.84       -6189.24        4.65498              1
            950          4.745       -3565.04         1797.7       -5362.74       -5507.68        4.28498              1
            960          4.795       -3550.13        1732.48       -5282.61       -6144.36        4.62018              1
            970          4.845       -3551.81        1725.73       -5277.53       -6191.81        4.64404              1
            980          4.895       -3548.51        1743.76       -5292.28       -6083.07        4.59085              1
            990          4.945       -3544.74         1783.2       -5327.93        -5848.3        4.47627              1
           1000          4.995       -3548.04        1719.76       -5267.79       -6351.74        4.73435              1
