    0.0125              0
    0.0375              0
    0.0625              0
    0.0875              0
    0.1125              0
    0.1375              0
    0.1625              0
    0.1875              0
    0.2125              0
    0.2375              0
    0.2625              0
    0.2875              0
    0.3125              0
    0.3375              0
    0.3625              0
    0.3875              0
    0.4125              0
    0.4375              0
    0.4625              0
    0.4875              0
    0.5125              0
    0.5375              0
    0.5625              0
    0.5875              0
    0.6125              0
    0.6375              0
    0.6625              0
    0.6875              0
    0.7125              0
    0.7375              0
    0.7625              0
    0.7875              0
    0.8125              0
    0.8375              0
    0.8625    0.000160824
    0.8875     0.00519527
    0.9125      0.0603225
    0.9375       0.299494
    0.9625       0.824082
    0.9875        1.53029
    1.0125        2.17722
    1.0375        2.59033
    1.0625        2.70917
    1.0875        2.64012
    1.1125        2.41688
    1.1375        2.16571
    1.1625        1.89799
    1.1875        1.66078
    1.2125        1.45409
    1.2375        1.27122
    1.2625        1.12286
    1.2875        1.00358
    1.3125       0.912298
    1.3375       0.832916
    1.3625       0.758311
    1.3875       0.715783
    1.4125       0.671631
    1.4375       0.645229
    1.4625       0.619351
    1.4875       0.610103
    1.5125       0.605032
    1.5375       0.606809
    1.5625       0.610554
    1.5875       0.623159
    1.6125       0.646559
    1.6375       0.666199
    1.6625        0.70006
    1.6875       0.740039
    1.7125       0.774509
    1.7375       0.820162
    1.7625       0.871697
    1.7875       0.924367
    1.8125       0.976637
    1.8375         1.0228
    1.8625         1.0647
    1.8875        1.10443
    1.9125        1.14464
    1.9375        1.17997
    1.9625        1.20772
    1.9875        1.22887
    2.0125         1.2445
    2.0375        1.24964
    2.0625        1.24277
    2.0875        1.22261
    2.1125        1.20575
    2.1375        1.18047
    2.1625        1.14873
    2.1875        1.10617
    2.2125        1.07257
    2.2375        1.03485
    2.2625       0.993662
    2.2875       0.960654
    2.3125       0.931911
    2.3375       0.905935
    2.3625       0.889138
    2.3875       0.873837
    2.4125       0.857701
    2.4375       0.855953
    2.4625       0.845909
    2.4875       0.844176
